joint_angles:
    type: "joint_angles"
    data:
        vertical_pose: [0.0, 0.0, 0.0, 0.0, 0.0, 0.0, 0.0]

        #values are in degrees
        perceive_table: [-1.4126586914062687, 7.679253578186034, -179.15435791015625, -66.55447387695315, -0.07107543945311531, -101.7862243652344, 89.4045181274414, 0.40032108152184803]

        perceive_table_slant_left: [-3.964324951171855, -20.819702148437475, 174.47244262695312, -78.2779846191406, 1.6662976741790771, -103.04742431640625, 81.09581756591797, 0.2010382610634847]
        perceive_table_slant_right: [-5.415283203124998, -21.178009033203104, -171.19786071777347, -78.51541137695312, 2.511246681213379, -102.68911743164062, 94.24382019042967, 0.2010382610634847]
        
        safe_pose_middle: [-1.0473937988280964, 9.164037704467773, -179.59938049316406, -95.88900756835938, -0.01623535156253231, -70.98040771484372, 89.35192108154297, 0.40032108152184803]
        # safe_pose_left: [-115.94808959960938, 22.23513793945313, -155.4193572998047, -115.47792053222655, -11.859039306640653, -46.54522705078123, 159.6623992919922, 11.459156073371194]
        # safe_pose_right: [55.196041107177734, 19.059669494628906, -140.99452209472656, -114.87278747558594, -17.12649536132812, -49.7674560546875, 85.15846252441406, 11.409116686086687]

        safe_pose_left: [-76.86880493164065, 46.12689208984375, -120.09443664550781, -90.22354125976564, -40.086456298828104, -68.38232421875, 109.0151138305664, 0.40032108152184803]
        safe_pose_right: [26.766296386718746, 28.76519012451172, -143.5638427734375, -98.99398803710939, -20.067413330078114, -56.83413696289063, 143.3815155029297, 0.40032108152184803]

        pose_1: [-108.60171508789064, -7.417846679687465, -121.02700805664062, -90.16574096679686, 4.077907562255859, -86.38418579101565, 130.4868621826172, 0.3609193315375568]
        pose_2: [-9.52929687499999, -51.154998779296854, 168.41703796386716, -104.18075561523438, 2.6127912998199463, -92.72817993164062, 70.76653289794922, 0.40032108152184803]
        pose_3: [-21.499176025390632, -55.80563354492189, -170.7586669921875, -103.59963989257808, 16.111373901367188, -96.30377197265625, 87.27067565917969, 0.3609193315375568]
        pose_4: [12.559999465942385, -15.566894531249964, -162.06851196289062, -99.45800781249997, 9.788863182067871, -82.035400390625, 35.14409255981445, 0.3609193315375568]


        pt_left: [-53.8348388671875, -30.291290283203114, 179.83921813964847, -87.81616210937503, 1.6170790195465088, -96.80020141601562, 87.54685211181642, 0.20016115547795846]
        
        pt_middle: [-2.7283630371093364, -29.30780029296874, -179.6728973388672, -113.53753662109376, 1.4281619787216187, -76.07550048828126, 87.39380645751955, 0.3609193315375568]
        pt_middle_1: [-2.9638977050781694, -9.757965087890605, -178.08367919921872, -102.71392822265626, 1.1700224876403809, -67.32095336914064, 88.62503814697266, 0.3609193315375568]

        pt_right: [51.86907196044922, -31.802490234375004, 172.55453491210938, -87.53143310546876, -0.2865295410156822, -98.67944335937503, 82.34187316894531, 0.20016115547795846]

